   1.5000000e-01   1.5000000e-01   1.5000000e-01   1.5000000e-01   1.5000000e-01   1.5000000e-01   1.5000000e-01   1.5000000e-01   1.5000000e-01   1.5000000e-01   1.5000000e-01   1.5000000e-01   1.5000000e-01   1.5000000e-01   1.5000000e-01   1.5000000e-01   1.5000000e-01
   1.5000000e-01   1.5000000e-01   1.5000000e-01   1.5000000e-01   1.5000000e-01   1.5000000e-01   1.5000000e-01   1.5000000e-01   1.5000000e-01   1.5000000e-01   1.5000000e-01   1.5000000e-01   1.5000000e-01   1.5000000e-01   1.5000000e-01   1.5000000e-01   1.5000000e-01
   1.5000000e-01   1.5000000e-01   0.0000000e+00   4.0000000e-01   0.0000000e+00   0.0000000e+00   1.5000000e-01   7.5200000e-01   0.0000000e+00   0.0000000e+00   0.0000000e+00   0.0000000e+00   0.0000000e+00   0.0000000e+00   0.0000000e+00   0.0000000e+00   0.0000000e+00
   1.5000000e-01   1.5000000e-01   1.0000000e-01   6.2500000e-01   0.0000000e+00   0.0000000e+00   1.5000000e-01   0.0000000e+00   0.0000000e+00   0.0000000e+00   0.0000000e+00   3.3300000e-01   0.0000000e+00   0.0000000e+00   0.0000000e+00   0.0000000e+00   0.0000000e+00
   1.5000000e-01   1.5000000e-01   1.1100000e-01   5.0200000e-01   7.1000000e-02   0.0000000e+00   1.5000000e-01   0.0000000e+00   0.0000000e+00   2.0000000e-01   1.5000000e-01   1.5000000e-01   0.0000000e+00   0.0000000e+00   0.0000000e+00   0.0000000e+00   0.0000000e+00
   1.5000000e-01   1.5000000e-01   0.0000000e+00   5.0000000e-01   0.0000000e+00   0.0000000e+00   1.5000000e-01   0.0000000e+00   0.0000000e+00   0.0000000e+00   1.5000000e-01   1.5000000e-01   1.5000000e-01   1.5000000e-01   1.5000000e-01   1.5000000e-01   1.5000000e-01
   1.5000000e-01   1.5000000e-01   0.0000000e+00   5.0000000e-01   0.0000000e+00   0.0000000e+00   1.5000000e-01   0.0000000e+00   0.0000000e+00   0.0000000e+00   1.5000000e-01   1.5000000e-01   1.5000000e-01   1.5000000e-01   1.5000000e-01   1.5000000e-01   1.5000000e-01
   1.5000000e-01   1.5000000e-01   1.2500000e-01   5.0500000e-01   0.0000000e+00   0.0000000e+00   1.5000000e-01   4.4400000e-01   0.0000000e+00   2.2200000e-01   0.0000000e+00   0.0000000e+00   0.0000000e+00   0.0000000e+00   0.0000000e+00   0.0000000e+00   0.0000000e+00
   1.5000000e-01   1.5000000e-01   0.0000000e+00   5.0000000e-01   0.0000000e+00   0.0000000e+00   1.5000000e-01   0.0000000e+00   5.0500000e-01   0.0000000e+00   1.5000000e-01   1.5000000e-01   0.0000000e+00   1.5000000e-01   1.5000000e-01   1.5000000e-01   1.5000000e-01
   1.5000000e-01   1.5000000e-01   3.3300000e-01   4.2800000e-01   1.1000000e-01   0.0000000e+00   1.5000000e-01   3.9500000e-01   5.0300000e-01   0.0000000e+00   0.0000000e+00   0.0000000e+00   0.0000000e+00   0.0000000e+00   0.0000000e+00   0.0000000e+00   2.9000000e-02
   1.5000000e-01   1.5000000e-01   0.0000000e+00   0.0000000e+00   0.0000000e+00   1.5000000e-01   1.5000000e-01   0.0000000e+00   0.0000000e+00   0.0000000e+00   0.0000000e+00   0.0000000e+00   0.0000000e+00   0.0000000e+00   0.0000000e+00   1.5000000e-01   1.6700000e-01
   1.5000000e-01   1.5000000e-01   0.0000000e+00   3.3300000e-01   0.0000000e+00   1.5000000e-01   1.5000000e-01   0.0000000e+00   0.0000000e+00   0.0000000e+00   0.0000000e+00   1.5000000e-01   0.0000000e+00   1.5000000e-01   0.0000000e+00   1.5000000e-01   0.0000000e+00
   1.5000000e-01   1.5000000e-01   0.0000000e+00   2.9400000e-01   0.0000000e+00   1.5000000e-01   1.5000000e-01   0.0000000e+00   0.0000000e+00   0.0000000e+00   0.0000000e+00   1.5000000e-01   2.5800000e-01   0.0000000e+00   0.0000000e+00   0.0000000e+00   8.3000000e-02
   1.5000000e-01   1.5000000e-01   0.0000000e+00   1.6700000e-01   0.0000000e+00   1.5000000e-01   1.5000000e-01   0.0000000e+00   0.0000000e+00   0.0000000e+00   0.0000000e+00   1.5000000e-01   0.0000000e+00   0.0000000e+00   0.0000000e+00   0.0000000e+00   0.0000000e+00
   1.5000000e-01   1.5000000e-01   0.0000000e+00   1.6100000e-01   0.0000000e+00   1.5000000e-01   1.5000000e-01   0.0000000e+00   0.0000000e+00   0.0000000e+00   0.0000000e+00   1.5000000e-01   0.0000000e+00   1.5000000e-01   1.5000000e-01   1.5000000e-01   0.0000000e+00
   1.5000000e-01   1.5000000e-01   0.0000000e+00   2.0800000e-01   0.0000000e+00   1.5000000e-01   1.5000000e-01   0.0000000e+00   0.0000000e+00   0.0000000e+00   1.5000000e-01   1.5000000e-01   0.0000000e+00   0.0000000e+00   0.0000000e+00   1.5000000e-01   0.0000000e+00
   1.5000000e-01   1.5000000e-01   0.0000000e+00   7.3000000e-02   0.0000000e+00   1.5000000e-01   1.5000000e-01   0.0000000e+00   0.0000000e+00   3.0000000e-02   1.6700000e-01   1.5000000e-01   1.6700000e-01   1.5000000e-01   0.0000000e+00   0.0000000e+00   0.0000000e+00
