   1.5000000e-01   1.5000000e-01   1.5000000e-01   1.5000000e-01   1.5000000e-01   1.5000000e-01   1.5000000e-01   1.5000000e-01   1.5000000e-01   1.5000000e-01   1.5000000e-01   1.5000000e-01   1.5000000e-01   1.5000000e-01   1.5000000e-01   1.5000000e-01   1.5000000e-01
   1.5000000e-01   1.5000000e-01   1.5000000e-01   1.5000000e-01   1.5000000e-01   1.5000000e-01   1.5000000e-01   1.5000000e-01   1.5000000e-01   1.5000000e-01   1.5000000e-01   1.5000000e-01   1.5000000e-01   1.5000000e-01   1.5000000e-01   1.5000000e-01   1.5000000e-01
   1.5000000e-01   1.5000000e-01   0.0000000e+00   4.2800000e-01   0.0000000e+00   0.0000000e+00   0.0000000e+00   0.0000000e+00   1.5000000e-01   0.0000000e+00   0.0000000e+00   1.5000000e-01   0.0000000e+00   1.5000000e-01   1.5000000e-01   1.5000000e-01   0.0000000e+00
   1.5000000e-01   1.5000000e-01   1.4200000e-01   7.2500000e-01   0.0000000e+00   0.0000000e+00   0.0000000e+00   0.0000000e+00   0.0000000e+00   0.0000000e+00   0.0000000e+00   1.5000000e-01   1.5000000e-01   1.5000000e-01   1.5000000e-01   1.5000000e-01   0.0000000e+00
   1.5000000e-01   1.5000000e-01   1.6200000e-01   4.0000000e-01   1.5000000e-01   1.5000000e-01   1.5000000e-01   0.0000000e+00   1.5000000e-01   5.0000000e-01   0.0000000e+00   1.5000000e-01   0.0000000e+00   1.5000000e-01   1.5000000e-01   1.5000000e-01   0.0000000e+00
   1.5000000e-01   1.5000000e-01   1.4400000e-01   4.0000000e-01   1.5000000e-01   1.5000000e-01   1.5000000e-01   1.5000000e-01   1.5000000e-01   0.0000000e+00   1.5000000e-01   1.5000000e-01   1.5000000e-01   1.5000000e-01   1.5000000e-01   1.5000000e-01   1.5000000e-01
   1.5000000e-01   1.5000000e-01   0.0000000e+00   5.0000000e-01   1.5000000e-01   1.5000000e-01   1.5000000e-01   1.5000000e-01   1.5000000e-01   1.5000000e-01   1.5000000e-01   1.5000000e-01   1.5000000e-01   1.5000000e-01   1.5000000e-01   1.5000000e-01   1.5000000e-01
   1.5000000e-01   1.5000000e-01   2.2200000e-01   7.5000000e-01   0.0000000e+00   1.5000000e-01   1.5000000e-01   4.0000000e-01   1.5000000e-01   8.3000000e-02   1.5000000e-01   1.5000000e-01   1.5000000e-01   1.5000000e-01   1.5000000e-01   1.5000000e-01   0.0000000e+00
   1.5000000e-01   1.5000000e-01   1.5000000e-01   5.0000000e-01   1.5000000e-01   1.5000000e-01   1.5000000e-01   1.5000000e-01   1.5000000e-01   0.0000000e+00   1.5000000e-01   1.5000000e-01   1.5000000e-01   1.5000000e-01   1.5000000e-01   1.5000000e-01   1.5000000e-01
   1.5000000e-01   1.5000000e-01   2.0000000e-01   5.0000000e-01   0.0000000e+00   1.5000000e-01   1.5000000e-01   2.0800000e-01   1.5000000e-01   0.0000000e+00   0.0000000e+00   1.5000000e-01   0.0000000e+00   1.5000000e-01   1.5000000e-01   1.5000000e-01   0.0000000e+00
   1.5000000e-01   1.5000000e-01   0.0000000e+00   1.5000000e-01   0.0000000e+00   1.5000000e-01   1.5000000e-01   1.5000000e-01   1.5000000e-01   1.5000000e-01   1.5000000e-01   0.0000000e+00   0.0000000e+00   1.5000000e-01   1.5000000e-01   1.5000000e-01   0.0000000e+00
   1.5000000e-01   1.5000000e-01   1.5000000e-01   1.5000000e-01   1.5000000e-01   1.5000000e-01   1.5000000e-01   1.5000000e-01   1.5000000e-01   1.5000000e-01   1.5000000e-01   1.5000000e-01   1.5000000e-01   1.5000000e-01   1.5000000e-01   1.5000000e-01   0.0000000e+00
   1.5000000e-01   1.5000000e-01   0.0000000e+00   1.5000000e-01   0.0000000e+00   1.5000000e-01   1.5000000e-01   1.5000000e-01   1.5000000e-01   0.0000000e+00   0.0000000e+00   1.5000000e-01   1.5000000e-01   1.5000000e-01   1.5000000e-01   1.5000000e-01   5.0000000e-01
   1.5000000e-01   1.5000000e-01   1.5000000e-01   1.5000000e-01   1.5000000e-01   1.5000000e-01   1.5000000e-01   1.5000000e-01   1.5000000e-01   1.5000000e-01   1.5000000e-01   1.5000000e-01   1.5000000e-01   1.5000000e-01   1.5000000e-01   1.5000000e-01   0.0000000e+00
   1.5000000e-01   1.5000000e-01   1.5000000e-01   1.5000000e-01   1.5000000e-01   1.5000000e-01   1.5000000e-01   1.5000000e-01   1.5000000e-01   1.5000000e-01   1.5000000e-01   1.5000000e-01   1.5000000e-01   1.5000000e-01   1.5000000e-01   1.5000000e-01   0.0000000e+00
   1.5000000e-01   1.5000000e-01   1.5000000e-01   1.5000000e-01   1.5000000e-01   1.5000000e-01   1.5000000e-01   1.5000000e-01   1.5000000e-01   1.5000000e-01   1.5000000e-01   1.5000000e-01   1.5000000e-01   1.5000000e-01   1.5000000e-01   1.5000000e-01   0.0000000e+00
   1.5000000e-01   1.5000000e-01   0.0000000e+00   6.6600000e-01   0.0000000e+00   1.5000000e-01   1.5000000e-01   6.1000000e-02   1.5000000e-01   0.0000000e+00   3.3300000e-01   1.5000000e-01   5.0000000e-01   1.5000000e-01   1.5000000e-01   1.5000000e-01   0.0000000e+00
