   0.0000000e+00   5.6500000e+01   2.8200000e+01   0.0000000e+00   0.0000000e+00   1.8200000e+01   0.0000000e+00   1.8900000e+01   0.0000000e+00   2.7300000e+01   2.5000000e+00   0.0000000e+00   0.0000000e+00   0.0000000e+00   0.0000000e+00
   5.0000000e+01   6.3500000e+01   0.0000000e+00   0.0000000e+00   0.0000000e+00   1.1000000e+00   0.0000000e+00   0.0000000e+00   2.5000000e+01   3.0800000e+01   2.0000000e+00   0.0000000e+00   0.0000000e+00   0.0000000e+00   2.7000000e+00
   4.7800000e+01   6.5200000e+01   1.4400000e+01   0.0000000e+00   5.0000000e+00   1.1400000e+01   0.0000000e+00   2.0000000e+01   2.9700000e+01   3.3300000e+01   3.2000000e+00   0.0000000e+00   0.0000000e+00   0.0000000e+00   0.0000000e+00
   4.3800000e+01   6.3000000e+01   9.1000000e+00   0.0000000e+00   2.1400000e+01   4.3000000e+00   0.0000000e+00   0.0000000e+00   3.1000000e+01   2.8600000e+01   0.0000000e+00   0.0000000e+00   0.0000000e+00   0.0000000e+00   0.0000000e+00
   5.0000000e+01   6.2500000e+01   0.0000000e+00   0.0000000e+00   4.4700000e+01   1.3300000e+01   0.0000000e+00   0.0000000e+00   3.0000000e+01   2.8600000e+01   0.0000000e+00   0.0000000e+00   0.0000000e+00   0.0000000e+00   0.0000000e+00
   4.8900000e+01   6.1600000e+01   2.9000000e+00   0.0000000e+00   1.7800000e+01   4.6800000e+01   0.0000000e+00   1.8600000e+01   2.5200000e+01   3.3300000e+01   2.1800000e+01   0.0000000e+00   0.0000000e+00   0.0000000e+00   2.9000000e+00
   4.5500000e+01   6.0000000e+01   0.0000000e+00   0.0000000e+00   0.0000000e+00   1.3600000e+01   3.7500000e+01   0.0000000e+00   2.7300000e+01   2.7300000e+01   0.0000000e+00   0.0000000e+00   0.0000000e+00   0.0000000e+00   0.0000000e+00
   4.3600000e+01   6.0300000e+01   1.8300000e+01   0.0000000e+00   3.8200000e+01   3.5200000e+01   3.1300000e+01   1.8000000e+00   2.1000000e+01   3.0000000e+01   1.0100000e+01   0.0000000e+00   0.0000000e+00   0.0000000e+00   0.0000000e+00
   0.0000000e+00   2.5000000e+01   0.0000000e+00   3.1000000e+01   0.0000000e+00   8.0000000e-01   0.0000000e+00   0.0000000e+00   0.0000000e+00   5.4500000e+01   1.5800000e+01   0.0000000e+00   0.0000000e+00   8.3000000e+00   7.8000000e+00
   4.5000000e+00   3.0700000e+01   0.0000000e+00   0.0000000e+00   0.0000000e+00   0.0000000e+00   0.0000000e+00   0.0000000e+00   3.6400000e+01   6.6700000e+01   1.5000000e+01   1.2500000e+01   0.0000000e+00   0.0000000e+00   0.0000000e+00
   5.0000000e+00   2.9400000e+01   0.0000000e+00   3.0000000e+00   0.0000000e+00   1.3600000e+01   0.0000000e+00   7.9000000e+00   3.4700000e+01   6.6700000e+01   4.7800000e+01   3.2000000e+00   0.0000000e+00   0.0000000e+00   2.6700000e+01
   0.0000000e+00   2.8600000e+01   0.0000000e+00   0.0000000e+00   0.0000000e+00   1.9000000e+00   0.0000000e+00   0.0000000e+00   3.4100000e+01   6.2500000e+01   1.2500000e+01   5.7700000e+01   0.0000000e+00   0.0000000e+00   0.0000000e+00
   0.0000000e+00   2.6700000e+01   0.0000000e+00   0.0000000e+00   0.0000000e+00   4.2000000e+00   0.0000000e+00   7.5000000e+00   3.3300000e+01   6.2500000e+01   3.8000000e+00   0.0000000e+00   5.0000000e+01   0.0000000e+00   1.6700000e+01
   0.0000000e+00   2.7800000e+01   0.0000000e+00   0.0000000e+00   0.0000000e+00   0.0000000e+00   0.0000000e+00   0.0000000e+00   3.4800000e+01   6.0000000e+01   0.0000000e+00   0.0000000e+00   0.0000000e+00   0.0000000e+00   0.0000000e+00
   8.1000000e+00   3.5500000e+01   0.0000000e+00   0.0000000e+00   1.3500000e+01   5.9000000e+00   0.0000000e+00   4.0000000e+00   2.1100000e+01   6.3600000e+01   2.5000000e+01   9.8000000e+00   3.0200000e+01   0.0000000e+00   0.0000000e+00
